0000456428
0000456460
0000457164
0000457170
0000457203
0000457208
0000457217
0000457219
0000457221
0000457223
0000457325
0000457490
0000457494
0000457501
0000460728
0000461479
0000457264
0000457266
0000457305
0000457338
0000457340
0000460716
0000460719
0000460766
0000460849
0000460879
0000460947
0000460994
0000460995
0000461147
0000461365
0000461368
0000461471
0000461867
0000461921
0000461938
0000462761
0000462766
0000462936
0000462941
0000462979
0000463037
0000463936
0000464047
0000464048
0000464328
0000464473
0000468234
0000469200
0000457351
0000457638
0000457732
0000458779
0000459782
0000459783
0000460308
0000460714
0000461117
0000461743
0000463935
0000464200
0000464204
0000464264
0000464290
0000464465
0000464466
0000467563
0000457380
0000457445
0000457453
0000457508
0000457620
0000457624
0000457645
0000458705
0000464039
0000464562
0000458719
0000458752
0000469707
0000458792
0000458817
0000458819
0000458876
0000458922
0000458939
0000459065
0000458843
0000458911
0000458951
0000458982
0000460484
0000459023
0000459035
0000459043
0000459165
0000460157
0000461734
0000461735
0000463697
0000464367
0000468201
0000470061
0000459156
0000459176
0000459232
0000459292
0000459330
0000460571
0000459667
0000460589
0000459799
0000459802
0000459803
0000459804
0000459805
0000459890
0000459891
0000459892
0000459955
0000459956
0000460054
0000460078
0000460079
0000460219
0000460352
0000460404
0000460407
0000459934
0000459941
0000459995
0000460024
0000463986
0000463988
0000464146
0000464148
0000464483
0000464486
0000460098
0000460114
0000463941
0000464154
0000460126
0000460137
0000460151
0000460152
0000460153
0000460207
0000460263
0000460272
0000460355
0000460364
0000460401
0000460414
0000460448
0000460928
0000461059
0000461082
0000461083
0000461173
0000461206
0000461441
0000461490
0000461552
0000461572
0000463021
0000464868
0000460144
0000460147
0000460217
0000460235
0000460246
0000460262
0000460279
0000460296
0000460936
0000462186
0000462249
0000463042
0000463099
0000463314
0000463320
0000463321
0000463614
0000463615
0000464112
0000464187
0000464203
0000464206
0000464247
0000464302
0000464303
0000464309
0000470337
0000470588
0000470735
0000470760
0000460346
0000460365
0000461168
0000460373
0000460381
0000460435
0000461307
0000460437
0000460439
0000460441
0000460546
0000460730
0000460997
0000460462
0000460483
0000460762
0000460764
0000460904
0000460906
0000461485
0000468867
0000460486
0000460549
0000460551
0000463820
0000460552
0000460555
0000460561
0000460873
0000460889
0000460920
0000460927
0000460948
0000460967
0000460979
0000461745
0000462860
0000462880
0000462948
0000462949
0000462975
0000462984
0000463163
0000463236
0000463245
0000463269
0000463280
0000464560
0000464662
0000460602
0000461102
0000461191
0000461510
0000461514
0000461759
0000462613
0000462883
0000463848
0000464124
0000469920
0000469922
0000469924
0000469926
0000469928
0000469930
0000469932
0000469946
0000469948
0000469950
0000469954
0000469956
0000469958
0000469960
0000469962
0000469964
0000469966
0000469968
0000469970
0000469972
0000469974
0000469977
0000469979
0000469981
0000460678
0000460684
0000461165
0000461199
0000461236
0000461238
0000461430
0000461444
0000461591
0000461593
0000461595
0000461597
0000461601
0000461606
0000461609
0000461628
0000461643
0000461716
0000461718
0000462018
0000462028
0000462030
0000462056
0000462057
0000462089
0000462112
0000462227
0000462570
0000462723
0000462731
0000462740
0000462876
0000462885
0000462899
0000462925
0000462930
0000462974
0000462997
0000463009
0000463146
0000463302
0000463306
0000463399
0000463400
0000463401
0000463502
0000463550
0000463555
0000463559
0000463561
0000463599
0000463601
0000463603
0000463684
0000463686
0000463808
0000463816
0000463823
0000463839
0000463846
0000463885
0000463894
0000463895
0000463898
0000463899
0000463901
0000463917
0000463929
0000463956
0000463963
0000463973
0000464016
0000464058
0000464224
0000464228
0000464239
0000464241
0000464245
0000464261
0000464308
0000464418
0000464501
0000464526
0000464551
0000464636
0000464830
0000464881
0000464890
0000464892
0000464894
0000464901
0000464908
0000465054
0000465057
0000465067
0000465070
0000465125
0000465191
0000465218
0000465258
0000465275
0000465276
0000465308
0000465322
0000465339
0000465356
0000465386
0000465388
0000465403
0000465408
0000465483
0000465487
0000465489
0000465491
0000465524
0000465526
0000465537
0000465544
0000465569
0000465570
0000465574
0000465576
0000465601
0000466460
0000466462
0000466559
0000466604
0000466737
0000466756
0000466762
0000467236
0000467644
0000467916
0000467973
0000468190
0000468194
0000468198
0000468305
0000468438
0000468539
0000460727
0000460755
0000460910
0000461105
0000461175
0000461225
0000461256
0000461328
0000461366
0000461481
0000461554
0000461858
0000462010
0000462155
0000463243
0000460732
0000460874
0000463371
0000460733
0000460895
0000460896
0000460981
0000461135
0000461297
0000463246
0000461025
0000461081
0000461222
0000461450
0000461453
0000461522
0000462742
0000463950
0000461167
0000461237
0000461646
0000464392
0000461187
0000461196
0000461188
0000466868
0000461232
0000461271
0000461369
0000461269
0000461971
0000461296
0000461535
0000462814
0000461383
0000461394
0000462604
0000462733
0000462737
0000463948
0000461405
0000461518
0000461978
0000462901
0000461412
0000462158
0000461432
0000461435
0000461813
0000461457
0000461493
0000461524
0000463655
0000464394
0000461562
0000461919
0000461579
0000461586
0000461588
0000461741
0000462117
0000461794
0000461796
0000461809
0000461817
0000461820
0000461802
0000461943
0000461961
0000461969
0000462082
0000462097
0000462100
0000462121
0000463198
0000463584
0000465161
0000462202
0000462243
0000462796
0000463154
0000463641
0000462544
0000462681
0000462878
0000463211
0000463395
0000464371
0000462566
0000462575
0000462584
0000462586
0000462589
0000462657
0000462623
0000462919
0000462792
0000463057
0000463222
0000462838
0000462864
0000462869
0000462993
0000464127
0000464128
0000464129
0000464156
0000464159
0000464161
0000464163
0000464167
0000464170
0000464172
0000464174
0000462973
0000462986
0000463035
0000463039
0000463720
0000463916
0000465015
0000463020
0000463161
0000464506
0000464534
0000463075
0000463105
0000463164
0000463359
0000463639
0000463946
0000463253
0000463316
0000463323
0000463568
0000463659
0000463667
0000463660
0000463668
0000463670
0000463662
0000463701
0000463674
0000463778
0000463711
0000463934
0000464866
0000463714
0000463716
0000463717
0000463719
0000463734
0000464259
0000464280
0000464403
0000464491
0000464493
0000464538
0000469232
0000470715
0000463748
0000463818
0000463907
0000463993
0000463909
0000463910
0000468172
0000463960
0000463995
0000464683
0000468200
0000464029
0000464032
0000464045
0000467033
0000467583
0000464086
0000464152
0000464242
0000464266
0000464369
0000464375
0000464507
0000464540
0000464542
0000468044
0000464398
0000464420
0000464427
0000464812
0000464873
0000464875
0000465083
0000465513
0000465536
0000465539
0000466407
0000466905
0000467055
0000467068
0000468357
0000468359
0000464490
0000464554
0000464676
0000464713
0000465355
0000464724
0000465106
0000464729
0000464807
0000464876
0000464813
0000464867
0000464885
0000465632
0000467328
0000465005
0000465011
0000465261
0000465591
0000465603
0000467451
0000467458
0000465075
0000465124
0000465137
0000465522
0000465156
0000465179
0000465194
0000469082
0000469084
0000469679
0000470335
0000465205
0000465208
0000468883
0000468891
0000465229
0000465235
0000465239
0000465290
0000467030
0000467962
0000468634
0000470801
0000465365
0000465412
0000467931
0000465371
0000465385
0000465414
0000465561
0000465615
0000467326
0000469234
0000466414
0000466901
0000466420
0000466591
0000466683
0000466801
0000467063
0000468128
0000468179
0000468365
0000468764
0000468799
0000468927
0000469288
0000466685
0000466744
0000466830
0000466832
0000466859
0000467045
0000467250
0000467289
0000467345
0000469455
0000470208
0000467354
0000467483
0000467821
0000467874
0000470520
0000467492
0000468319
0000469406
0000469410
0000467555
0000467557
0000468109
0000467616
0000467994
0000467649
0000467658
0000467660
0000467654
0000467672
0000467815
0000467831
0000467835
0000467871
0000467934
0000467996
0000467958
0000468532
0000468022
0000468158
0000468060
0000468085
0000468083
0000468196
0000468088
0000469015
0000468150
0000468175
0000468187
0000468298
0000468299
0000468284
0000468293
0000468331
0000468409
0000468417
0000468524
0000468990
0000469522
0000469683
0000469741
0000468378
0000468422
0000468435
0000468811
0000469216
0000468406
0000468442
0000468445
0000468637
0000468894
0000470362
0000468624
0000468708
0000468844
0000468954
0000468731
0000468871
0000468892
0000469018
0000468959
0000468977
0000469016
0000469308
0000470183
0000470187
0000469021
0000470752
0000469063
0000469079
0000470612
0000469151
0000469156
0000469403
0000469465
0000469467
0000469478
0000469484
0000469485
0000469577
0000469603
0000469611
0000469622
0000469672
0000469771
0000469690
0000469822
0000469824
0000469830
0000469869
0000469876
0000469878
0000469857
0000470217
0000469943
0000470020
0000470029
0000470073
0000470164
0000470234
0000470162
0000470193
0000470269
0000470289
0000470293
0000470454
0000470543
0000470576
0000470603
0000470643
0000470677
0000470716
0000470719
0000470722
0000470790
0000470785
0000470786
